{
 "cells": [
  {
   "cell_type": "code",
   "execution_count": 3,
   "metadata": {},
   "outputs": [],
   "source": [
    "import numpy as np\n",
    "from math import fabs\n",
    "from math import atan\n",
    "from math import cos\n",
    "from math import sin\n",
    "\n",
    "def eigenvalue(A, v):\n",
    "    Av = A.dot(v)\n",
    "    return v.dot(Av)\n",
    "\n",
    "def power_iteration(A):\n",
    "    A = A.copy()\n",
    "    n, d = A.shape\n",
    "\n",
    "    v = np.ones(d) / np.sqrt(d)\n",
    "    ev = eigenvalue(A, v)\n",
    "    iteration = 0\n",
    "\n",
    "    while True:\n",
    "        Av = A.dot(v)\n",
    "        v_new = Av / np.linalg.norm(Av)\n",
    "\n",
    "        ev_new = eigenvalue(A, v_new)\n",
    "        if np.abs(ev - ev_new) < 0.0000000001:\n",
    "            break\n",
    "\n",
    "        v = v_new\n",
    "        ev = ev_new\n",
    "        iteration += 1\n",
    "\n",
    "    return ev_new, v_new, iteration\n",
    "\n",
    "def jokobi_3x3(A):\n",
    "    a=A.copy()\n",
    "    H_list=[]\n",
    "    V=np.eye(3)\n",
    "    for i in range(6):\n",
    "        print (\"Матрица A(\",i,')')\n",
    "        print (a)\n",
    "\n",
    "        #поиск наибольшего числа\n",
    "        k,m=0,1\n",
    "        if fabs(a[0][2])>fabs(a[k][m]):\n",
    "            k,m=0,2\n",
    "        if fabs(a[1][2])>fabs(a[k][m]):\n",
    "            k,m=1,2\n",
    "        phi=1/2*atan(2*a[k][m]/(a[k][k]-a[m][m]))\n",
    "        print(i,\":\",phi)\n",
    "        H=np.eye(3)\n",
    "        H[k][k]=cos(phi)\n",
    "        H[m][m]=cos(phi)        \n",
    "        H[k][m]=-sin(phi)    \n",
    "        H[m][k]=sin(phi)\n",
    "        H_list.append(H)\n",
    "        a=np.dot(np.dot(H.T,a),H)\n",
    "        \n",
    "    for i in range (len(H_list)):\n",
    "        print (\"Матрица V(\",i,')')\n",
    "        print (V)\n",
    "        V=np.dot(V,H_list[i])\n",
    "    \n",
    "    print (\"Матрица A\")\n",
    "    print (a)\n",
    "    print (\"Матирица V\")\n",
    "    print (V)"
   ]
  },
  {
   "cell_type": "code",
   "execution_count": 4,
   "metadata": {},
   "outputs": [
    {
     "name": "stdout",
     "output_type": "stream",
     "text": [
      "p: 22.999999999997424, eig: [ 0.71262666  0.19795212 -0.67303656], iterations: 10\n",
      "Проверка [ 16.39041795   4.55289227 -15.47983757] [ 16.39041314   4.55289868 -15.47984078]\n",
      "\n",
      "Матрица A( 0 )\n",
      "[[ 10.   6. -12.]\n",
      " [  6.  -2.  -1.]\n",
      " [-12.  -1.  10.]]\n",
      "0 : -0.7853981633974483\n",
      "Матрица A( 1 )\n",
      "[[ 2.20000000e+01  4.94974747e+00 -3.43724399e-15]\n",
      " [ 4.94974747e+00 -2.00000000e+00  3.53553391e+00]\n",
      " [-1.85052697e-15  3.53553391e+00 -2.00000000e+00]]\n",
      "1 : 0.19560879740379528\n",
      "Матрица A( 2 )\n",
      "[[ 2.29807550e+01  0.00000000e+00  6.87179658e-01]\n",
      " [-9.99200722e-16 -2.98075499e+00  3.46810959e+00]\n",
      " [ 6.87179658e-01  3.46810959e+00 -2.00000000e+00]]\n",
      "2 : -0.7151656474636264\n",
      "Матрица A( 3 )\n",
      "[[ 2.29807550e+01 -4.50612898e-01  5.18810079e-01]\n",
      " [-4.50612898e-01 -5.99298427e+00 -2.34067082e-16]\n",
      " [ 5.18810079e-01 -9.57371136e-16  1.01222928e+00]]\n",
      "3 : 0.023598524622715913\n",
      "Матрица A( 4 )\n",
      "[[ 2.29930004e+01 -4.50487432e-01  4.44758689e-17]\n",
      " [-4.50487432e-01 -5.99298427e+00  1.06328126e-02]\n",
      " [ 4.70623184e-16  1.06328126e-02  9.99983854e-01]]\n",
      "4 : -0.01553655811543855\n",
      "Матрица A( 5 )\n",
      "[[ 2.30000000e+01  5.55111512e-17 -1.65190665e-04]\n",
      " [-1.73472348e-15 -5.99998385e+00  1.06315293e-02]\n",
      " [-1.65190665e-04  1.06315293e-02  9.99983854e-01]]\n",
      "5 : -0.0015187922407481423\n",
      "Матрица V( 0 )\n",
      "[[1. 0. 0.]\n",
      " [0. 1. 0.]\n",
      " [0. 0. 1.]]\n",
      "Матрица V( 1 )\n",
      "[[ 0.70710678  0.          0.70710678]\n",
      " [ 0.          1.          0.        ]\n",
      " [-0.70710678  0.          0.70710678]]\n",
      "Матрица V( 2 )\n",
      "[[ 0.69362192 -0.13743593  0.70710678]\n",
      " [ 0.19436376  0.98092952  0.        ]\n",
      " [-0.69362192  0.13743593  0.70710678]]\n",
      "Матрица V( 3 )\n",
      "[[ 0.69362192 -0.56744198  0.44373217]\n",
      " [ 0.19436376  0.74058671  0.64323717]\n",
      " [-0.69362192 -0.35991794  0.62397733]]\n",
      "Матрица V( 4 )\n",
      "[[ 0.70389924 -0.56744198  0.42724169]\n",
      " [ 0.20948768  0.74058671  0.63847179]\n",
      " [-0.67870521 -0.35991794  0.64017053]]\n",
      "Матрица V( 5 )\n",
      "[[ 0.71263003 -0.55643776  0.42724169]\n",
      " [ 0.19795669  0.74375192  0.63847179]\n",
      " [-0.67303164 -0.37041882  0.64017053]]\n",
      "Матрица A\n",
      "[[ 2.30000000e+01  2.50890204e-07 -1.65190475e-04]\n",
      " [ 2.50890202e-07 -6.00000000e+00  1.17858616e-18]\n",
      " [-1.65190475e-04 -7.56586697e-16  1.00000000e+00]]\n",
      "Матирица V\n",
      "[[ 0.71263003 -0.55708601  0.42639608]\n",
      " [ 0.19795669  0.74278135  0.63960066]\n",
      " [-0.67303164 -0.37139068  0.6396072 ]]\n"
     ]
    }
   ],
   "source": [
    "#1 11  Степенным методом, сделав 10 итераций, вычислить спектральный радиус и его вектор\n",
    "#      Методом Якоби вычислить собственные числа и собственные векторы, \n",
    "#      сделав 6 итераций, у матрицы\n",
    "#      \n",
    "#         10   6 -12 \n",
    "#          6  -2  -1 \n",
    "#        -12  -1  10\n",
    "\n",
    "A = np.array(\n",
    "    [\n",
    "        [ 10, 6,-12],\n",
    "        [  6,-2, -1],\n",
    "        [-12,-1, 10]\n",
    "    ], dtype=float)\n",
    "\n",
    "p, eig, iterations = power_iteration(A)\n",
    "print(f'p: {p}, eig: {eig}, iterations: {iterations}')\n",
    "\n",
    "print('Проверка',np.dot(A, eig), eig*p)\n",
    "print()\n",
    "\n",
    "jokobi_3x3(A)"
   ]
  },
  {
   "cell_type": "code",
   "execution_count": null,
   "metadata": {},
   "outputs": [],
   "source": []
  }
 ],
 "metadata": {
  "kernelspec": {
   "display_name": "Python 3",
   "language": "python",
   "name": "python3"
  },
  "language_info": {
   "codemirror_mode": {
    "name": "ipython",
    "version": 3
   },
   "file_extension": ".py",
   "mimetype": "text/x-python",
   "name": "python",
   "nbconvert_exporter": "python",
   "pygments_lexer": "ipython3",
   "version": "3.8.5"
  }
 },
 "nbformat": 4,
 "nbformat_minor": 2
}
